0 59 0 0 1 1 2 37 3 59 4 86 5 102 6 121 7 140 8 172 9 190 10 209 11 233 12 258 13 304 14 319 15 338 16 360 17 380 18 414 19 456 20 475 21 507 22 531 23 565 24 581 25 600 26 627 27 650 28 693 29 708 30 761 31 783 32 798 33 828 34 843 35 907 36 928 37 967 38 986 39 1001 40 1022 41 1039 42 1066 43 1084 44 1106 45 1133 46 1156 47 1177 48 1201 49 1227 50 1256 51 1294 52 1347 53 1398 54 1437 55 1468 56 1488 57 1503 58 1534
1 59 0 0 1 1 2 37 3 59 4 86 5 102 6 121 7 140 8 172 9 190 10 209 11 233 12 258 13 304 14 319 15 338 16 360 17 380 18 414 19 456 20 475 21 507 22 531 23 565 24 581 25 600 26 627 27 650 28 693 29 708 30 761 31 783 32 798 33 828 34 843 35 907 36 928 37 967 38 986 39 1001 40 1022 41 1039 42 1066 43 1084 44 1106 45 1133 46 1156 47 1177 48 1201 49 1227 50 1256 51 1294 52 1347 53 1398 54 1437 55 1468 56 1488 57 1503 58 1534
2 59 0 0 1 1 2 37 3 59 4 86 5 102 6 121 7 140 8 172 9 190 10 209 11 233 12 258 13 304 14 319 15 338 16 360 17 380 18 414 19 456 20 475 21 507 22 531 23 565 24 581 25 600 26 627 27 650 28 693 29 708 30 761 31 783 32 798 33 828 34 843 35 907 36 928 37 967 38 986 39 1001 40 1022 41 1039 42 1066 43 1084 44 1106 45 1133 46 1156 47 1177 48 1201 49 1227 50 1256 51 1294 52 1347 53 1398 54 1437 55 1468 56 1488 57 1503 58 1534
3 59 0 0 1 1 2 37 3 59 4 86 5 102 6 121 7 140 8 172 9 190 10 209 11 233 12 258 13 304 14 319 15 338 16 360 17 380 18 414 19 456 20 475 21 507 22 531 23 565 24 581 25 600 26 627 27 650 28 693 29 708 30 761 31 783 32 798 33 828 34 843 35 907 36 928 37 967 38 986 39 1001 40 1022 41 1039 42 1066 43 1084 44 1106 45 1133 46 1156 47 1177 48 1201 49 1227 50 1256 51 1294 52 1347 53 1398 54 1437 55 1468 56 1488 57 1503 58 1534
4 59 0 0 1 1 2 37 3 59 4 86 5 102 6 121 7 140 8 172 9 190 10 209 11 233 12 258 13 304 14 319 15 338 16 360 17 380 18 414 19 456 20 475 21 507 22 531 23 565 24 581 25 600 26 627 27 650 28 693 29 708 30 761 31 783 32 798 33 828 34 843 35 907 36 928 37 967 38 986 39 1001 40 1022 41 1039 42 1066 43 1084 44 1106 45 1133 46 1156 47 1177 48 1201 49 1227 50 1256 51 1294 52 1347 53 1398 54 1437 55 1468 56 1488 57 1503 58 1534
5 59 0 0 1 1 2 37 3 59 4 86 5 102 6 121 7 140 8 172 9 190 10 209 11 233 12 258 13 304 14 319 15 338 16 360 17 380 18 414 19 456 20 475 21 507 22 531 23 565 24 581 25 600 26 627 27 650 28 693 29 708 30 761 31 783 32 798 33 828 34 843 35 907 36 928 37 967 38 986 39 1001 40 1022 41 1039 42 1066 43 1084 44 1106 45 1133 46 1156 47 1177 48 1201 49 1227 50 1256 51 1294 52 1347 53 1398 54 1437 55 1468 56 1488 57 1503 58 1534
6 55 0 0 1 1 5 97 12 249 13 295 14 310 15 329 16 351 17 371 18 405 19 447 20 466 21 498 22 522 23 556 24 572 25 591 26 618 27 641 28 684 29 699 30 752 31 774 32 789 33 819 34 834 35 898 36 919 37 958 38 977 39 992 40 1013 41 1030 42 1057 43 1075 44 1097 45 1124 46 1147 47 1168 48 1192 49 1218 50 1247 51 1285 52 1338 53 1389 54 1428 55 1459 56 1479 57 1494 58 1525 59 37 60 116 61 144 62 174 63 198
7 70 0 0 1 1 5 97 12 249 13 295 14 310 15 329 16 351 23 448 24 464 25 483 26 510 27 533 28 576 29 591 30 644 31 666 32 681 33 711 34 726 35 790 36 811 38 1301 39 1316 40 1337 41 1354 42 1381 43 1399 44 1421 45 1448 46 1471 47 1492 48 1516 49 1542 50 1571 51 1609 52 1662 53 1713 54 1752 55 1783 56 1803 58 1879 59 37 60 116 61 144 62 174 63 198 64 371 65 404 66 427 67 850 68 871 69 900 70 917 71 940 72 955 73 971 74 996 75 1017 76 1032 77 1052 78 1078 79 1143 80 1171 81 1195 82 1221 83 1272 84 1818 85 1844 86 1859
8 69 0 0 1 1 5 97 12 249 13 295 14 310 15 329 16 351 23 448 24 464 25 483 26 510 27 533 28 576 29 591 30 644 31 666 32 681 33 711 34 726 35 790 36 811 38 1302 39 1317 40 1338 41 1355 42 1382 43 1400 44 1422 45 1449 46 1472 47 1493 48 1517 49 1543 50 1572 51 1610 52 1663 53 1714 54 1753 55 1784 56 1804 58 1880 59 37 60 116 61 144 62 174 63 198 64 371 65 404 66 427 67 850 68 871 69 900 70 917 71 940 72 955 73 971 74 996 75 1017 76 1032 77 1052 78 1078 79 1143 84 1819 85 1845 86 1860 87 1171 88 1220 89 1271
9 69 0 0 1 1 5 97 12 249 13 295 14 310 15 329 16 351 23 448 24 464 25 483 26 510 27 533 28 576 29 591 30 644 31 666 32 681 33 711 34 726 35 790 36 811 38 1302 39 1317 40 1338 41 1355 42 1382 43 1400 44 1422 45 1449 46 1472 47 1493 48 1517 49 1543 50 1572 51 1610 52 1663 53 1714 54 1753 55 1784 56 1804 59 37 60 116 61 144 62 174 63 198 64 371 65 404 66 427 67 850 68 871 69 900 70 917 71 940 72 955 73 971 74 996 76 1032 77 1052 78 1078 79 1143 87 1171 88 1220 89 1271 90 1017 91 1819 92 1853 93 1883 94 1900
10 69 0 0 1 1 5 97 12 249 13 295 14 310 15 329 16 351 23 448 24 464 25 483 26 510 27 533 28 576 29 591 30 644 31 666 32 681 33 711 34 726 35 790 36 811 38 1302 39 1317 40 1338 41 1355 42 1382 43 1400 44 1422 45 1449 46 1472 47 1493 48 1517 49 1543 50 1572 51 1610 52 1663 53 1714 54 1753 55 1784 56 1804 59 37 60 116 61 144 62 174 63 198 64 371 65 404 66 427 67 850 68 871 69 900 70 917 71 940 72 955 73 971 74 996 76 1032 77 1052 78 1078 79 1143 87 1171 88 1220 89 1271 90 1017 91 1819 92 1853 93 1883 94 1900
11 70 0 0 1 1 5 97 12 249 13 295 14 310 15 329 16 351 23 448 24 464 25 483 26 510 28 575 29 590 30 643 31 665 32 680 33 710 34 725 35 789 36 810 38 1301 39 1316 40 1337 41 1354 42 1381 43 1399 44 1421 45 1448 46 1471 47 1492 48 1516 49 1542 50 1571 51 1609 52 1662 53 1713 54 1752 55 1783 56 1803 59 37 60 116 61 144 62 174 63 198 64 371 65 404 66 427 67 849 68 870 69 899 70 916 71 939 72 954 73 970 74 995 76 1031 77 1051 78 1077 79 1142 87 1170 88 1219 89 1270 90 1016 91 1818 92 1852 93 1882 94 1899 95 533 96 551
12 69 0 0 1 1 5 97 12 249 13 295 14 310 15 329 16 351 23 447 28 572 29 587 30 640 31 662 35 786 36 807 38 1296 39 1311 40 1332 41 1349 42 1376 43 1394 44 1416 45 1443 49 1538 50 1567 51 1605 52 1658 53 1709 54 1748 55 1779 56 1799 59 37 60 116 61 144 62 174 63 198 64 371 66 426 67 846 68 867 69 896 70 913 71 936 72 951 76 1027 77 1047 87 1165 88 1214 89 1265 90 1012 91 1814 92 1848 93 1878 94 1895 96 548 97 404 98 463 99 478 100 500 101 517 102 677 103 693 104 722 105 742 106 967 107 1073 108 1135 109 1466 110 1509
