0 13 0 0 1 0 2 0 3 0 4 0 5 0 6 0 7 0 8 0 9 0 10 0 11 0 12 0 
1 13 0 1 1 1 2 1 3 1 4 1 5 1 6 1 7 1 8 1 9 1 10 1 11 1 12 1 
2 6 0 37 1 37 2 37 3 37 4 37 5 37 
3 6 0 59 1 59 2 59 3 59 4 59 5 59 
4 6 0 86 1 86 2 86 3 86 4 86 5 86 
5 13 0 102 1 102 2 102 3 102 4 102 5 102 6 97 7 97 8 97 9 97 10 97 11 97 12 97 
6 6 0 121 1 121 2 121 3 121 4 121 5 121 
7 6 0 140 1 140 2 140 3 140 4 140 5 140 
8 6 0 172 1 172 2 172 3 172 4 172 5 172 
9 6 0 190 1 190 2 190 3 190 4 190 5 190 
10 6 0 209 1 209 2 209 3 209 4 209 5 209 
11 6 0 233 1 233 2 233 3 233 4 233 5 233 
12 13 0 258 1 258 2 258 3 258 4 258 5 258 6 249 7 249 8 249 9 249 10 249 11 249 12 249 
13 13 0 304 1 304 2 304 3 304 4 304 5 304 6 295 7 295 8 295 9 295 10 295 11 295 12 295 
14 13 0 319 1 319 2 319 3 319 4 319 5 319 6 310 7 310 8 310 9 310 10 310 11 310 12 310 
15 13 0 338 1 338 2 338 3 338 4 338 5 338 6 329 7 329 8 329 9 329 10 329 11 329 12 329 
16 13 0 360 1 360 2 360 3 360 4 360 5 360 6 351 7 351 8 351 9 351 10 351 11 351 12 351 
17 7 0 380 1 380 2 380 3 380 4 380 5 380 6 371 
18 7 0 414 1 414 2 414 3 414 4 414 5 414 6 405 
19 7 0 456 1 456 2 456 3 456 4 456 5 456 6 447 
20 7 0 475 1 475 2 475 3 475 4 475 5 475 6 466 
21 7 0 507 1 507 2 507 3 507 4 507 5 507 6 498 
22 7 0 531 1 531 2 531 3 531 4 531 5 531 6 522 
23 13 0 565 1 565 2 565 3 565 4 565 5 565 6 556 7 448 8 448 9 448 10 448 11 448 12 447 
24 12 0 581 1 581 2 581 3 581 4 581 5 581 6 572 7 464 8 464 9 464 10 464 11 464 
25 12 0 600 1 600 2 600 3 600 4 600 5 600 6 591 7 483 8 483 9 483 10 483 11 483 
26 12 0 627 1 627 2 627 3 627 4 627 5 627 6 618 7 510 8 510 9 510 10 510 11 510 
27 11 0 650 1 650 2 650 3 650 4 650 5 650 6 641 7 533 8 533 9 533 10 533 
28 13 0 693 1 693 2 693 3 693 4 693 5 693 6 684 7 576 8 576 9 576 10 576 11 575 12 572 
29 13 0 708 1 708 2 708 3 708 4 708 5 708 6 699 7 591 8 591 9 591 10 591 11 590 12 587 
30 13 0 761 1 761 2 761 3 761 4 761 5 761 6 752 7 644 8 644 9 644 10 644 11 643 12 640 
31 13 0 783 1 783 2 783 3 783 4 783 5 783 6 774 7 666 8 666 9 666 10 666 11 665 12 662 
32 12 0 798 1 798 2 798 3 798 4 798 5 798 6 789 7 681 8 681 9 681 10 681 11 680 
33 12 0 828 1 828 2 828 3 828 4 828 5 828 6 819 7 711 8 711 9 711 10 711 11 710 
34 12 0 843 1 843 2 843 3 843 4 843 5 843 6 834 7 726 8 726 9 726 10 726 11 725 
35 13 0 907 1 907 2 907 3 907 4 907 5 907 6 898 7 790 8 790 9 790 10 790 11 789 12 786 
36 13 0 928 1 928 2 928 3 928 4 928 5 928 6 919 7 811 8 811 9 811 10 811 11 810 12 807 
37 7 0 967 1 967 2 967 3 967 4 967 5 967 6 958 
38 13 0 986 1 986 2 986 3 986 4 986 5 986 6 977 7 1301 8 1302 9 1302 10 1302 11 1301 12 1296 
39 13 0 1001 1 1001 2 1001 3 1001 4 1001 5 1001 6 992 7 1316 8 1317 9 1317 10 1317 11 1316 12 1311 
40 13 0 1022 1 1022 2 1022 3 1022 4 1022 5 1022 6 1013 7 1337 8 1338 9 1338 10 1338 11 1337 12 1332 
41 13 0 1039 1 1039 2 1039 3 1039 4 1039 5 1039 6 1030 7 1354 8 1355 9 1355 10 1355 11 1354 12 1349 
42 13 0 1066 1 1066 2 1066 3 1066 4 1066 5 1066 6 1057 7 1381 8 1382 9 1382 10 1382 11 1381 12 1376 
43 13 0 1084 1 1084 2 1084 3 1084 4 1084 5 1084 6 1075 7 1399 8 1400 9 1400 10 1400 11 1399 12 1394 
44 13 0 1106 1 1106 2 1106 3 1106 4 1106 5 1106 6 1097 7 1421 8 1422 9 1422 10 1422 11 1421 12 1416 
45 13 0 1133 1 1133 2 1133 3 1133 4 1133 5 1133 6 1124 7 1448 8 1449 9 1449 10 1449 11 1448 12 1443 
46 12 0 1156 1 1156 2 1156 3 1156 4 1156 5 1156 6 1147 7 1471 8 1472 9 1472 10 1472 11 1471 
47 12 0 1177 1 1177 2 1177 3 1177 4 1177 5 1177 6 1168 7 1492 8 1493 9 1493 10 1493 11 1492 
48 12 0 1201 1 1201 2 1201 3 1201 4 1201 5 1201 6 1192 7 1516 8 1517 9 1517 10 1517 11 1516 
49 13 0 1227 1 1227 2 1227 3 1227 4 1227 5 1227 6 1218 7 1542 8 1543 9 1543 10 1543 11 1542 12 1538 
50 13 0 1256 1 1256 2 1256 3 1256 4 1256 5 1256 6 1247 7 1571 8 1572 9 1572 10 1572 11 1571 12 1567 
51 13 0 1294 1 1294 2 1294 3 1294 4 1294 5 1294 6 1285 7 1609 8 1610 9 1610 10 1610 11 1609 12 1605 
52 13 0 1347 1 1347 2 1347 3 1347 4 1347 5 1347 6 1338 7 1662 8 1663 9 1663 10 1663 11 1662 12 1658 
53 13 0 1398 1 1398 2 1398 3 1398 4 1398 5 1398 6 1389 7 1713 8 1714 9 1714 10 1714 11 1713 12 1709 
54 13 0 1437 1 1437 2 1437 3 1437 4 1437 5 1437 6 1428 7 1752 8 1753 9 1753 10 1753 11 1752 12 1748 
55 13 0 1468 1 1468 2 1468 3 1468 4 1468 5 1468 6 1459 7 1783 8 1784 9 1784 10 1784 11 1783 12 1779 
56 13 0 1488 1 1488 2 1488 3 1488 4 1488 5 1488 6 1479 7 1803 8 1804 9 1804 10 1804 11 1803 12 1799 
57 7 0 1503 1 1503 2 1503 3 1503 4 1503 5 1503 6 1494 
58 9 0 1534 1 1534 2 1534 3 1534 4 1534 5 1534 6 1525 7 1879 8 1880 
59 7 6 37 7 37 8 37 9 37 10 37 11 37 12 37 
60 7 6 116 7 116 8 116 9 116 10 116 11 116 12 116 
61 7 6 144 7 144 8 144 9 144 10 144 11 144 12 144 
62 7 6 174 7 174 8 174 9 174 10 174 11 174 12 174 
63 7 6 198 7 198 8 198 9 198 10 198 11 198 12 198 
64 6 7 371 8 371 9 371 10 371 11 371 12 371 
65 5 7 404 8 404 9 404 10 404 11 404 
66 6 7 427 8 427 9 427 10 427 11 427 12 426 
67 6 7 850 8 850 9 850 10 850 11 849 12 846 
68 6 7 871 8 871 9 871 10 871 11 870 12 867 
69 6 7 900 8 900 9 900 10 900 11 899 12 896 
70 6 7 917 8 917 9 917 10 917 11 916 12 913 
71 6 7 940 8 940 9 940 10 940 11 939 12 936 
72 6 7 955 8 955 9 955 10 955 11 954 12 951 
73 5 7 971 8 971 9 971 10 971 11 970 
74 5 7 996 8 996 9 996 10 996 11 995 
75 2 7 1017 8 1017 
76 6 7 1032 8 1032 9 1032 10 1032 11 1031 12 1027 
77 6 7 1052 8 1052 9 1052 10 1052 11 1051 12 1047 
78 5 7 1078 8 1078 9 1078 10 1078 11 1077 
79 5 7 1143 8 1143 9 1143 10 1143 11 1142 
80 1 7 1171 
81 1 7 1195 
82 1 7 1221 
83 1 7 1272 
84 2 7 1818 8 1819 
85 2 7 1844 8 1845 
86 2 7 1859 8 1860 
87 5 8 1171 9 1171 10 1171 11 1170 12 1165 
88 5 8 1220 9 1220 10 1220 11 1219 12 1214 
89 5 8 1271 9 1271 10 1271 11 1270 12 1265 
90 4 9 1017 10 1017 11 1016 12 1012 
91 4 9 1819 10 1819 11 1818 12 1814 
92 4 9 1853 10 1853 11 1852 12 1848 
93 4 9 1883 10 1883 11 1882 12 1878 
94 4 9 1900 10 1900 11 1899 12 1895 
95 1 11 533 
96 2 11 551 12 548 
97 1 12 404 
98 1 12 463 
99 1 12 478 
100 1 12 500 
101 1 12 517 
102 1 12 677 
103 1 12 693 
104 1 12 722 
105 1 12 742 
106 1 12 967 
107 1 12 1073 
108 1 12 1135 
109 1 12 1466 
110 1 12 1509 
-99999
0 1
1 1
2 1
3 1
4 1
5 1
6 1
7 1
8 1
9 1
10 1
11 1
12 1
-99999
